mmsToLAin 11111 1111. 111

11111,11111111111111111111.11.·’12911111111 1111111111. 1111111111111111111111111111 111111
11111 1111111 1111111. 1111111111 11111111111111111
111 811111 ²⁰) 1111 18111 11111111. 111 1111 11111
111 11111 11111111. 11111 111 1118111. 1111111111
111111 11111 §eota ²¹) 1111. 11111111 1111111111 11111
11111111 ²¹) 1111 &teiam 11. 11111119111111111111
111111. 1111111”) 1111111111 1111111 11 11111111

- Ex hac trehelypa editione (quae 111 111111111111111.
1111111811111111) praefationem Mel. hic dedimus. Ea-
* 11 eum 1111111111ῃί1 111111111111111111111,111 libro

dem 1111
1111111111τὶ

111111118111111, 1111111111111111.1111. Τ. 1. p. 592.

Posterior pm praefationis, incipiente verbis: ,1111 1111
11111 111111 1111311111, 11111111111111 11131 descripta
111111 es! in 111161111118. p. 1. - Ex Walchii 111111
ea 1111111111. quae 11111111 1111111111 mutulam orthogra-
phiam· lectiones codicum, exceptis quibusdam, 1111111111
11111111 nini, non addidi, quia auctoru 1111 1111111111·

prenso descripserunt.

11111111 11111111 111111111111.

11111 1111111111 1111111 (1111111111. 11 1111111 ¹) 111

<lie hello germanico Ρ. ΙΙ. p. 131.. unde eam
1111111 Walehiuu in opp. 1111111111 Τ. 11. 11611. - 11111·-

11111 11111111111111111111111111, sod 11111 mendant, 111-

11111111111 11111111 1111111, 111 &tau 111 ²⁴) 11111
1111111. 111 11111 11111, 111 1111111111 11111 111
111111111111111111 Pelopidae, 11111 1111 111111 11111
1111111, 11111111111111. 111111 1111111111111
1111) 1111111111) 111111111111111111111. 11111 111111
111) 11111111.- 111 111111Τί11111 11111111111111

11111111 811111 1111111 811111 1111 ²) 1111 1111111111 ¹¹¹ im (511111 11111111 wethm-

1111111111 11111 . fid) 1111 1111111111 11 111111) 111 1111
111111 111111. 1111111) &christ 11 11111. Sd) 11111

1111 111 11111 ·) 11111111111111111111.

Da 1111111111 11111111 11111111 1111111111
11111 &turm 1111111111 111) 11 ⁸) 111 1111 11111111
1111. Timoclea, 111 111111 11111 ²) 1111111111 111

&mmm 11111 11111111. 11111111 11111 111 1111111111
1111111111111111111 11111111. 1111111111 11111
11111 11111111. 1111 1111 111 ¹⁰) 111 1111111111)
1111111111. 111 1111 111 11111111111111111111
111111 11111111) 11111. 111111 91111111, 111 &Quo ιι)

11111111, 11111111 111“)1111111111”). 11111 111111 ⁴

1111111111 111 1111111. 111 11111 111111 1111111111
111111 ¹⁴), 111 11, 11111111 111 1111111111 1111111111
111. 111) 1111111111 111 &iiber 11111111 1111111.
11111111111111111)“)11111111111. 11111111111’“)
11111111111111”).111111 1111 11111111 11 11111 111111)

1111111 11111111. 1111111111) 11111111 111111 1111

..ἣ-ψ

1) 0111111. 1111111.

1) cod. Rev. 11111111·

1) Waltbr 111111.

1) Walch. 1111.

1))111111. 1111111.

1) walch. 1111 &turm 1111111111 11111.
1) walch. 111 111111.

1) walch. 11111111.

1) cod. Bu. 1111111111.

11) 111111. 11111.

11) (3111111. 11116111.

11) 1111111111.

11) cod. 1111111111 1111111111.
11) walch. 11111111.

15) Walth. fimtss.

16) 11111111.

11) 111111111111111.

11) walch. Sota.

11) wudu 11111.

11111)11111111111111111111111 111 fid> 1111111
111 3111111111111111. 111111 1111111111 Quum.
11111 1111111 111111 111 111111 1111111111 1111111111
11111, 1111111 111111 11111111111111 111111 111. 1111
111 11111111111111111111. 11111 1111111111 111
111111 11111111 1111111111. 111 111 11111 1111111111
1111111111. 11111111) 1111 1111111111111111111 ers
111111 1111111111111111 111) 11111 111111 111111 11111.
1111 111 111 11111111111111111111118111 111111
11111111111111111111111111111. 11111111111111. nod>
1111111111) 1111111111111111, 111111 1111 1111111111
111111111 11111 11111111. 11111 et, 11111111111111.
im 11111111 1111111111 111. 11111 1111111111 1111111111
1111111111 11111111. 1111 111 11111 1111 11 1111111111
11111111. 111 11111111 111111· 11111111 1111 1111111
111 1111111, 111 111 111111 1111111111 111111111111111
1111111 11111111.

611111 11111111 111111 11 , 111 11111111111111
11111 111 1111111111 11111, 111 1111111 1111111111 111.
1111111, 111 111 1111111111 11111111111111111 ²⁵) 111111
111. 111 111 1111111 111111111111111111111111 111111
1111. 111 111) 1111111 111 1111111 111111111111
111111. ,

21111 111 1111111111 11111 111111. 1111111”)
311111111111111111111 111111 111 11111111, 111 11111111
11 1111 1111111111 1111”). 1111111 111 1111 ²⁹) 3111

10) Waleh. addit: 111111.

‚ 11) Cod. 1111. &left 111 111111.

11) walch. 11111111.
11) 11111111. 11111.
11) 1111111. 1111 11111111.

15) 11111111111111111) 1111111111, 111111111111111111111111 ’

111111. proposuim-
16) walch. 1111.
17) Waleh. 11111111.
18) 1111111111111. mos. 2, ll. 11.
11)ἔέ111. 11 abac.
1

 

