189 . EPISTOLARUM LIB. X. 1546. 140

1111111 1191111111[11111111111] 1111111111. 1111111 1111 1111111 1111111, 1111111 1111 1111191111 1111, 111111 ‘
1111111111(1111111111111111 111 (1111111111 111 &obn 1111111111111111 &it 11 1111111111 Universi-
11111111111116111111111111111, 111 11, 111111 tate 911 11119115 [o 1111111111 11111 11111111 1111111
111, 1111 11111911119111119 111111 119111191111 11191191(1111111111111111111 111 (1111111111 111111
51111111111111191111111111111111111111, 1111111 111 111 9119 1111111) 111 1111111111,1111111111111111111
111111, 111111111ῧ1111111111111191111911111111111 9111111111, 9111111911, 11111911 &angen 11111 ὓ111111
1119 91111111, 111 111 11111111 91111 3111 91 111 91111911111111111,111 111111911111111 11111 9161.
11111111111111111,1111111111911111111111111111 3111111 91 1111111111111111119 1113111 11111 1111
3111 11111 111911 111111111111111911111111(11119111 111111111191111111111111, 1111111 11111111111911111 ‘
111111119111111911[11111111111], [11]11111111911 9111 11111119, 1191 9111 1111119 ist, 1111 min:
1111911, 1111111111111111111111111111111111111 berung 11111 1111111911, 111 11 1111111 111 1111 119
1111119911111111111111 1111111911111, 11111111 in 11111111 91111111 1111111. 111 111111 1111111111
1111 &rubin 9119 1191111111, 1111111111 1111111911 1111111 111 111111 111111, 111111111111111 11191
91111111, 1111111111 1111 11111. 11111111 1111111111 conradus, 1111111 ficit 1111 31111111 91911 1111111
eine [1111111113119111 111 1111111119 11111111 11111111111111111111 111111, 11111 11111111, 1111111
11111111 11111111 111111111111111111111111111 11911911. 6111111111111111111111119111111 111
11111)θῦ1ῡί1 'ihm 111 (11111111 &fache niem 11111 (1111191111911111111181111111991111, 1111 11911 1
911111119111111911. 1111 11111111 1111111111ς 911191,111111111111111111,1119111111111911111 ‘
1191111 unt& 1011111 Magistri 3111 unb 1111 6011 1111111111 9191111111, 9111111) 11111 1111111 11111
1111111111 91118111 11111 gemell! [11111111 111 111. 111 mit 111) 111) 11111191111911 1111111911

et 111111 111 Magistro Paulossbero 111 &abts 111111111111111111111111111111111111111111
111 1111111111, 111 91111111 1111911111 11111 11111111 gu jebet 5111111119 11911911, 1111 1111 1111111111.
1111111 111 111 11191 111111111191111111, 11 wius 11111111 sumt 1115111111 (111111 (1111 111Ε111
91111111111ῢ11191111111111,1111111119111111 11111111. 11111111111111119,111111191111111111111 1
1111911111 1119111111111111911111111, 111111 11111 111 1546. 311111 111) 11111111 111111 1111911111
111 9111111111 1111111 1111111111 (1111111111, 1111111111119,

11111 1111Θί111 91111111, 111 1111111111111111111

11191111111911111111111111, 111 111111 111111, 11

111911 111 11111111191111111, 1111111 11111 1111111111

111, 111 1111 11111911111191911111111111111, 1111 No· 3463·

1119111111, 111111111111111, 111111111111111111 m

1111 11111119111111111111 111111119111111111111 N Ν “
1111191111,1111111111111111911111119111111111 “ · ·
111 911111111111111 11119111 111 111111 1111111111 Εᾶῗόζξὶῗζιξξ 311 11ἶῖῗίἶῇ “mzi‘f's‘ss mmm μ '⁷⁸' “
11111111111111111111 911111111111111111 11111- ⁹⁸ ’ 'P' '

9111111111 111111 (11111, 1119111111119 9111111 111 1111111111 ⁵philippi §manumortis in
ῶ1191ἰ911111111,111111111111111111119111111911 boyer 9111111111 1111111119, anno 1156.
911111 11111 111 11191111 1191191, 11 1111111119 111 21· Maii·

11111 111111111111111111 1111111191, mit 1111111111

lid), 111111111111111111911119, 1111111111 111 9111 (Ι“”ῐῑΡξῙο“Ρ“ἆΡ“””“ῑ“·-· 1¹¹ οἳᾶᾗῦθῇῧῑῑῐῑ ῗ101
ffitdfiig [ebt. mm ‘WL {RQ ·- (311 1111111111 ium! nou
11111111, 111 1111111111 potest.)

1111 1111111 umber 1111111 &etim Wffi ¹1>in Qiemobl 1111 111 1111111111 11111111191111111111
311911 1111111111 gebba, 11111111Ε1111 gemm, 1111911 11111, 11111111111911111111, 111111 Zeu·
111 111111 11111111, 1111111111111113111 gram· 11111111 111, 11111111191111, 1811111111 111111 111
mancam, 11111111111111111111111111111111111191 lid) 1111, 1111111111 111111111111111111, 11191111
11111111,11191111111111111111111111111111. 1111.- 1111111111111111911111111111111. 1111111111
11111111111111111111, 111111111111111111111 111 91111 1111111, 1111 1111111 1111111111119, 111
11111 1111111111 1111 1111111111 111, 111111111111111 11 1111111 1111111) 111 1111111119 1111111 111111 111·
19111 , 1111111111 1111111, 11 11111111 311111 11 11111 1111 11111111 11111 11119111 1111119111, 1111111111

21· Maii.

 

